product_cat,name,pa_brand,,sku,short description,pa_width,pa_profile,pa_rim-size,pa_speed,,image,stock,price,pa_tread-pattern,description,pa_extraload,pa_runflat,pa_tyreclass,pa_rrc-grade,pa_wetgrip,pa_wetgrip-grade,pa_noisedb,pa_bar-rating
tyres,Micheldever - Halifax,PIRELLI,2373000,2256018XPISCVERD,225/60R18 PIR SC VERDE 100H,225,60,18,H,100,SCVERDE,0,94.76,SCVERDE,CAR TYRES  4 WHEEL DRIVE TYRES,N,N,C1,C,0,B,71,2
tyres,Micheldever - Halifax,ALPHA,,1058018A321ATU,10.5/80.18 ALLNCE 321ATU 10PLY,10.5,80,18,,10PLY,321ATU,0,0,321 ATU,AGRICULTURAL TYRES  IMPLEMENT TYRES,N,N,NA,,0,,0,0
tyres,Micheldever - Halifax,UK PARTS ALLIANCE,,RINRB581,ONE SINGLE BOXED BULB,,,,,,,0,0,,SERVICING PARTS  Bulbs,N,N,,,0,,0,0
tyres,Micheldever - Halifax,BRIDGESTONE,2475,2454019VBRLM25,245/40R19 BST LM25 94V WINT,245,40,19,V,94,LM25,0,171.41,LM25,CAR TYRES  WINTER CAR,N,N,C1,F,0,F,72,2
tyres,Micheldever - Halifax,UNKNOWN,,AW512019CA,9.5 5/120 CALIBRE EXCALI BLK,,,,,,,0,0,,WHEELS & RIMS  CAR ALLOY WHEELS,N,N,,,0,,0,0
tyres,Micheldever - Halifax,UNKNOWN,,AW512019CAL,8.5 5/120 CALIBRE EXCALI BLK,,,,,,,0,0.0000,,WHEELS & RIMS  CAR ALLOY WHEELS,N,N,,,0,,0,0
2881,Micheldever - Halifax,PIRELLI,2346200,2255516ZPIP7BLUE,225/55R16 PIR P7 BLUE 95W,225,55,16,W,95,P7BLUE,0,83.5300,P7BLUE,CAR TYRES  16 Inch Rim,N,N,C1,B,0,A,71,2
2881,Micheldever - Halifax,EUROPA,,25100012C6WANDA,26X1000-12 WANDA P373 6PR TL,,,,,,,0,0.0000,,AGRICULTURAL TYRES  ATV TYRES,N,N,,,0,,0,0
2881,Micheldever - Halifax,DUNLOP,525542,2055516VDUFASTLR,205/55R16 DLOP FASTRES 91V LLR,205,55,16,V,91,FASTRESP,30,43.9500,FASTRESP,CAR TYRES  16 Inch Rim,N,N,C1,C,0,B,69,2
2881,Micheldever - Halifax,GOODYEAR,519700,1956515HGOEXCELT,195/65R15 GDYR EXCELL 91H,195,65,15,H,91,EXCELLENCE,0,36.9100,EXCELLENCE,CAR TYRES  15 INCH RIM,N,N,C1,E,0,C,68,1
2881,Micheldever - Halifax,FALKEN,307713,1557013TBUFAAS20,155/70R13 FALKEN AS200 75T AS,155,70,13,T,75,AS200,6,28.6500,AS200,CAR TYRES  CAR ALL WEATHER,N,N,C1,F,0,C,73,3
2881,Micheldever - Halifax,FALKEN,307717,1757013TBUFAAS20,175/70R13 FALKEN AS200 82T AS,175,70,13,T,82,AS200,6,32.1500,AS200,CAR TYRES  CAR ALL WEATHER,N,N,C1,F,0,C,73,3
2881,Micheldever - Halifax,FALKEN,307733,1856515HBUFAAS20,185/65R15 FALKEN AS200 88H AS,185,65,15,H,88,AS200,0,41.3500,AS200,CAR TYRES  CAR ALL WEATHER,N,N,C1,F,0,C,73,3
2881,Micheldever - Halifax,FALKEN,307737,1956515VBUFAAS20,195/65R15 FALKEN AS200 91V AS,195,65,15,V,91,AS200,4,44.9500,AS200,CAR TYRES  CAR ALL WEATHER,N,N,C1,F,0,C,73,3
2881,Micheldever - Halifax,FALKEN,307729,1856014HBUFAAS20,185/60R14 FALKEN AS200 82H AS,185,60,14,H,82,AS200,0,35.6500,AS200,CAR TYRES  CAR ALL WEATHER,N,N,C1,F,0,C,73,3
2881,Micheldever - Halifax,FALKEN,307745,2156516HBUFAAS20,215/65R16 FALKEN AS200 98H AS,215,65,16,H,98,AS200,0,63.6500,AS200,CAR TYRES  CAR ALL WEATHER,N,N,C1,F,0,C,73,3
2881,Micheldever - Halifax,FALKEN,307747,2056016VBUFAAS20,205/60R16 FALKEN AS200 96VXL A,205,60,16,V,96,AS200,0,58.5500,AS200,CAR TYRES  CAR ALL WEATHER,Y,N,C1,F,0,C,73,3
2881,Micheldever - Halifax,FALKEN,307749,2156016VBUFAAS20,215/60R16 FALKEN AS200 99VXL A,215,60,16,V,99,AS200,0,61.4500,AS200,CAR TYRES  CAR ALL WEATHER,Y,N,C1,F,0,C,73,3
2881,Micheldever - Halifax,FALKEN,307963,2156017HBUFAAS20,215/60R17 FALKEN AS200 96H AS,215,60,17,H,96,AS200,2,72.9500,AS200,CAR TYRES  CAR ALL WEATHER,N,N,C1,F,0,C,73,3
2881,Micheldever - Halifax,FALKEN,307969,2255517VBUFAAS20,225/55R17 FALKEN AS200 101VXL,225,55,17,V,101,AS200,0,83.2500,AS200,CAR TYRES  CAR ALL WEATHER,Y,N,C1,F,0,C,73,3
2881,Micheldever - Halifax,FALKEN,307739,1856015HBUFAAS20,185/60R15 FALKEN AS200 88H XLA,185,60,15,H,88,AS200,34,41.9500,AS200,CAR TYRES  CAR ALL WEATHER,Y,N,C1,F,0,C,73,3
2881,Micheldever - Halifax,BRIDGESTONE,4802,2454017ZBRT001TL,245/40R17 BST T001 TL 91W,245,40,17,W,91,T001,0,81.1400,T001,CAR TYRES  17 INCH RIM,N,N,C1,E,0,B,71,2
2881,Micheldever - Halifax,FALKEN,309849,1856015TBUFA832,185/60R15 FALKEN SN832 84T,185,60,15,T,84,SN832,0,32.6500,SN832,CAR TYRES  15 INCH RIM,N,N,C1,C,0,A,69,2
2881,Micheldever - Halifax,BRIDGESTONE,5106,2454017ZBRER300,245/40R17 BST ER300 MO 91W,245,40,17,W,91,ER300,0,80.4400,ER300,CAR TYRES  17 INCH RIM,N,N,C1,E,0,C,72,3
2881,Micheldever - Halifax,VOLKSWAGON GROUP UK LIMITED,,4E2955425D,WIPERBLADE (OE VW PART),,,,,,,0,0.0000,,SERVICING PARTS  Wiper Blades,N,N,,,0,,0,0
2881,Micheldever - Halifax,VOLKSWAGON GROUP UK LIMITED,,4E2955426D,WIPER BLADE (OE VW PART),,,,,,,0,0.0000,,SERVICING PARTS  Wiper Blades,N,N,,,0,,0,0
2881,Micheldever - Halifax,UK PARTS ALLIANCE,,36116777354,9JX19 5 SPOKE WHEEL,,,,,,,0,0,,WHEELS & RIMS  CAR ALLOY WHEELS,N,N,,,0,,0,0
tyres,Micheldever - Halifax,BRIDGESTONE,6738,38565225BRR168PS,385/65R22.5 BST R168+160K158L,385,65,22.5,,160/158,R168PLUS,0,311.9,R168PLUS,HEAVY TRUCK TYRES  22.5 INCH RIM,N,N,C2,D,0,B,71,2
tyres,Micheldever - Halifax,PIRELLI,2325600,1756515TPIP1CIVE,175/65R15 PIR P1CINT VERDE 84T,175,65,15,T,84,P1CINTVERDE,12,39.12,P1CINT VERDE,CAR TYRES  15 INCH RIM,N,N,C1,C,0,B,69,2
tyres,Micheldever - Halifax,PIRELLI,2307600,2255017HPIP7CRFS,225/50R17 PIR P7 CINT* 94H RFT,225,50,17,H,94,P7CINT,6,94.39,P7CINT,CAR TYRES  17 INCH RIM,N,Y,C1,E,0,B,71,2
tyres,Micheldever - Halifax,AVON,7310012,2355517ZAVRNGHTT,235/55R17 AVON RANGER HTT 99V,235,55,17,V,99,RANGER HTT,0,93.81,RANGER HTT,CAR TYRES  4 WHEEL DRIVE TYRES,N,N,C1,E,0,C,70,2
tyres,Micheldever - Halifax,PIRELLI,1992500,2453518ZPIPZRFTS,245/35R18 PIR PZERO* 88Y RFT,245,35,18,Y,88,PZERO,0,136.2,PZERO,CAR TYRES  18 Inch Rim,N,Y,C1,E,0,B,71,2
tyres,Micheldever - Halifax,PIRELLI,2346100,2156515HPIP1CINT,215/65R15 PIR P1CINT VERDE 96H,215,65,15,H,96,P1CINT,3,61.89,P1CINTVERDE,CAR TYRES  15 INCH RIM,N,N,C1,C,0,B,69,2
tyres,Micheldever - Halifax,PIRELLI,2166300,2454020ZPIPZEMGT,245/40R20 PIR PZERO MGT (99Y) XL,245,40,20,Y,99,PZERO,2,164.65,PZERO,CAR TYRES  19 INCH RIM,Y,N,C1,C,0,B,72,2
tyres,Micheldever - Halifax,FALKEN,307727,1856514TBUFAAS20,185/65R14 FALKEN AS200 86T AS,185,65,14,T,86,AS200,0,36.45,AS200,CAR TYRES  CAR ALL WEATHER,N,N,C1,F,0,C,73,3
tyres,Micheldever - Halifax,CONTINENTAL,3563370000,2355018XCOLXSPRT,235/50R18 CONTI LX SPORT 97V,235,50,18,V,97,LXSPT,4,112.04,LXSPT,CAR TYRES  4 WHEEL DRIVE TYRES,N,N,C1,C,0,C,72,3
tyres,Micheldever - Halifax,FULLRUN,FRSUPERPC1507,1855515VBUFRSUPR,185/55R15 FULLRUN SUPR-PCR 82V,185,55,15,V,82,SUPER,0,19.45,SUPER,CAR TYRES  15 INCH RIM,N,N,C1,E,0,C,70,2
tyres,Micheldever - Halifax,GOODYEAR,891713,31570225GONTLHD,315/70R225 GDYR NTLHD 154/150I (D),315,70,22.5,I,154/150,NTLHD,0,95.45,NTLHD,HEAVY TRUCK TYRES  22.5 INCH RIM,N,N,NA,,0,,0,0
tyres,Micheldever - Halifax,BUDGET,,2056515HBUZEETEX,205/65R15 ZEETEX ZT1000 94H,205,65,15,H,94,ZT1000,0,26.3,ZT1000,CAR TYRES  15 INCH RIM,N,N,C1,F,0,E,72,2
tyres,Micheldever - Halifax,PIRELLI,2039300,2953020ZPIPZEROS,295/30R20 PIR PZERO* (101Y) XL,295,30,20,Y,101,PZERO,0,187.49,PZERO,CAR TYRES  19 INCH RIM,Y,N,C1,E,0,A,74,2
tyres,Micheldever - Halifax,BUDGET,,1955016VBUMAYRUN,195/50R16 MAYRUN MR500 88V XL,195,50,16,V,88,MR500,0,29.95,MR500,CAR TYRES  16 Inch Rim,Y,N,C1,E,0,C,73,3
